     0.0  9.8072 1013.25000 288.150 1.225000000
     0.1  9.8069 1001.20000 287.500 1.213000000
     0.2  9.8066  989.45000 286.850 1.202000000
     0.3  9.8062  977.72000 286.200 1.190000000
     0.4  9.8059  966.11000 285.550 1.179000000
     0.5  9.8056  954.61000 284.900 1.167000000
     0.6  9.8053  943.22000 284.250 1.156000000
     0.7  9.8050  931.94000 283.600 1.145000000
     0.8  9.8047  920.77000 282.950 1.134000000
     0.9  9.8044  909.71000 282.300 1.123000000
     1.0  9.8041  898.80000 281.650 1.112000000
     1.5  9.8025  845.59000 278.400 1.058000000
     2.0  9.8010  795.00000 275.150 1.007000000
     2.5  9.7995  746.90000 271.910 0.957000000
     3.0  9.7979  701.20000 268.660 0.909000000
     3.5  9.7964  657.80000 265.410 0.863000000
     4.0  9.7948  616.60000 262.170 0.819000000
     4.5  9.7933  577.50000 258.920 0.777000000
     5.0  9.7917  540.50000 255.680 0.736000000
     5.5  9.7902  505.40000 252.430 0.697000000
     6.0  9.7887  472.20000 249.190 0.660000000
     6.5  9.7871  440.70000 245.940 0.624000000
     7.0  9.7856  411.10000 242.700 0.590000000
     7.5  9.7840  383.00000 239.460 0.557000000
     8.0  9.7825  356.50000 236.220 0.526000000
     8.5  9.7810  331.50000 232.970 0.496000000
     9.0  9.7794  308.00000 229.730 0.467000000
     9.5  9.7779  285.80000 226.490 0.440000000
    10.0  9.7764  265.00000 223.250 0.414000000
    11.0  9.7733  227.00000 216.780 0.365000000
    12.0  9.7702  194.00000 216.650 0.312000000
    13.0  9.7671  165.80000 216.650 0.267000000
    14.0  9.7641  141.70000 216.650 0.228000000
    15.0  9.7610  121.10000 216.650 0.195000000
    16.0  9.7579  103.50000 216.650 0.166000000
    17.0  9.7549   88.50000 216.650 0.142000000
    18.0  9.7518   75.70000 216.650 0.122000000
    19.0  9.7487   64.70000 216.650 0.104000000
    20.0  9.7457   55.30000 216.650 0.088900000
    22.0  9.7396   40.50000 218.570 0.064500000
    23.0  9.7365   34.70000 219.570 0.055000000
    24.0  9.7334   29.70000 220.560 0.046900000
    25.0  9.7304   25.50000 221.550 0.040100000
    26.0  9.7273   21.90000 222.540 0.034300000
    27.0  9.7243   18.80000 223.540 0.029300000
    28.0  9.7212   16.20000 224.530 0.025100000
    29.0  9.7182   13.90000 225.520 0.021500000
    30.0  9.7151   12.00000 226.510 0.018400000
    31.0  9.7121   10.30000 227.500 0.015800000
    32.0  9.7091    8.89000 228.490 0.013600000
    33.0  9.7060    7.67000 230.970 0.011600000
    34.0  9.7030    6.63000 233.740 0.009890000
    35.0  9.6999    5.75000 236.510 0.008460000
    36.0  9.6969    4.99000 239.280 0.007260000
    37.0  9.6939    4.33000 242.050 0.006240000
    38.0  9.6908    3.77000 244.820 0.005370000
    39.0  9.6878    3.29000 247.580 0.004630000
    40.0  9.6848    2.87000 250.350 0.004000000
    41.0  9.6817    2.51000 253.110 0.003460000
    42.0  9.6787    2.20000 255.880 0.002990000
    43.0  9.6757    1.93000 258.640 0.002600000
    44.0  9.6726    1.69000 261.400 0.002260000
    45.0  9.6696    1.49000 264.160 0.001970000
    46.0  9.6666    1.31000 266.930 0.001710000
    47.0  9.6636    1.16000 269.680 0.001500000
    48.0  9.6605    1.02000 270.650 0.001320000
    49.0  9.6575    0.90300 270.650 0.001160000
    50.0  9.6545    0.79800 270.650 0.001030000
    55.0  9.6394    0.42500 260.770 0.000570000
    60.0  9.6244    0.22000 247.020 0.000310000
    65.0  9.6094    0.10900 233.290 0.000160000
    70.0  9.5944    0.05220 219.590 0.000083000
    75.0  9.5795    0.02390 208.400 0.000040000
    80.0  9.5646    0.01050 198.640 0.000018000
    85.0  9.5497    0.00450 188.890 0.000008200
    90.0  9.5349    0.00180 186.870 0.000003400
    95.0  9.5201    0.00076 188.420 0.000000750
   100.0  9.5054    0.00032 195.080 0.000000560
